Process 0 of 4 is running
Process 1 of 4 is running
Process 2 of 4 is running
Process 3 of 4 is running
Env. data check: True
Quantized: True
Env. data check: True
Quantized: True
Env. data check: True
Quantized: True
Env. data check: True
Quantized: True
Parameters to infer: 0,1,2,3,4,5,6,7,8,9,10,11,12,13,14,15,16,17,18,19,20,21,22,23,24,25,26,27,28,29,30,31,32,33
Parameters to infer: 0,1,2,3,4,5,6,7,8,9,10,11,12,13,14,15,16,17,18,19,20,21,22,23,24,25,26,27,28,29,30,31,32,33
Parameters to infer: 0,1,2,3,4,5,6,7,8,9,10,11,12,13,14,15,16,17,18,19,20,21,22,23,24,25,26,27,28,29,30,31,32,33
Parameters to infer: 0,1,2,3,4,5,6,7,8,9,10,11,12,13,14,15,16,17,18,19,20,21,22,23,24,25,26,27,28,29,30,31,32,33
param.mat.step: 0,0,199.617,40947.96892424327,20.86717498393206,56.29892031140538,0.7554704219985329,0.05563796880763865,0.4804533676025584,9.600082877377554,14.87612115040866,0.00420942709979963,0.2874320279215489,0.9814100726974938,24.24185164260922,6.707094228825126,0.6362438828697748,0.1392087170096761,0.1343338754392366,52.3808542561637,29.54739046344769,0.1041690042071721,0.268184710363933,0.7666738973128951,21.21073389598712,30.67403979017976,-2.820366401653619,0.4536326888031761,36.99252613507691,25.63061482756183,-3.332129820082042,0.7208342505897792,-5.457784155996739,11.3135197721559,-1.511294761525259,0.5684528311162627,14.55939600875176,0.4602142557272667
param.mat.step: 0,1,199.617,40946.98231085453,20.86718174468891,56.29898394610367,0.7555229364331019,0.05580360967638547,0.4804855823582863,9.600075823107607,14.87623083138183,0.004168848145943654,0.2873800435113297,0.9813745999318058,24.24170249987026,6.707129549123763,0.6362473142768942,0.1391820434306238,0.1343243746086178,52.38075053491604,29.54740594057477,0.104353103920797,0.2681394525231335,0.7668469448111374,21.21083074818055,30.67421231819235,-2.820327961005276,0.4537477191086787,36.99256545634798,25.63044658424518,-3.332043373444846,0.7208624712967844,-5.457628419987698,11.31362932544732,-1.511298585589325,0.568404732103122,14.5596224747824,0.4602791817872831
param.mat.step: 0,2,199.617,40947.2699499538,20.86714543552901,56.29884127037401,0.7554960846642556,0.05577017391852161,0.4804729531272947,9.600020189980986,14.87619552985083,0.004217312496369643,0.2873096010595443,0.9813788142037304,24.24184949914398,6.707194502118822,0.6363329088815388,0.1392821228855136,0.1343210604153331,52.38075661006153,29.54745502653836,0.1042729615421631,0.2680684373350545,0.7668140806078501,21.21084675778651,30.67419458099954,-2.820352321798979,0.4537265122370522,36.99249038663832,25.63052691461716,-3.332051946743178,0.7210009468201724,-5.457777646168556,11.31352082999554,-1.511317422898852,0.5684269806911124,14.55965405234077,0.4603190101759308
param.mat.step: 0,3,199.617,40948.74765514611,20.86721597992531,56.29901337565597,0.7554208435342258,0.05570545499197883,0.480535300765671,9.600232631816269,14.87603861642715,0.004291487563986621,0.2873720001470209,0.981488739303583,24.24177844693023,6.707198426336508,0.6362469482545487,0.1392430994042659,0.1343467980131352,52.38068335170409,29.54747183208472,0.1042529949339216,0.2681091071141294,0.7666845560991258,21.21079638176797,30.67407027482385,-2.820355949849307,0.4536127024093931,36.99258489833716,25.63050431953835,-3.332095024980171,0.7209046956068492,-5.457775027573245,11.31361677254237,-1.51133248593038,0.5685463205166944,14.55954482948572,0.4603312014105824
param.mat.step: 1,0,198.668,16092.33963834466,20.70996987693719,5.035688027716034,0.2053457566382632,0.7382469250691088,0.9898179400496506,10.80109836111668,26.31149475661177,0.002916007690207086,0.2972341277034798,0.5505530102528143,15.87412921482687,14.85279103610219,0.2373310331012561,0.6891685263357257,0.5237528360152395,24.43964720196121,18.79953179845469,0.04782469911800052,0.9127998589229387,0.8953106018531147,6.622718525455466,18.07219074128036,-0.5227195859407185,0.7273449666451867,35.24418664629193,14.98872524029137,-2.375033372708355,0.9773466352996256,3.625895512485826,8.360110515009868,-1.720451763071239,0.8120747650578639,1.450083947360703,1.069939640192631
param.mat.step: 1,1,198.668,16379.85105313046,13.52454798057425,24.91934512381676,0.09137880188887253,0.3373195329307509,0.07820593738603665,9.664244956491054,28.9755714022216,0.004168848145943654,0.08580724252960054,0.5744439165973776,17.80259863852715,11.09588485712459,0.3737824526494095,0.3216193445235684,0.8239545958756674,47.99051233363375,58.00402030979383,0.158262171399012,0.5534481990880646,0.7070956116021649,14.80841529114891,46.92750890667863,-0.2482522445013571,0.5878868250300718,35.47283191243422,52.27143383665355,-1.797718257971671,0.9175147147904131,1.209001379145868,17.75818221919853,-7.413196996080885,0.6506156000190386,5.702261328532069,9.935411080805931
param.mat.step: 1,2,198.668,18731.80311476061,-8.838987673264612,48.46478369616187,0.03065894520256784,0.1143888891953116,0.1943180038875635,9.526255940355105,17.08968114334135,0.004168848145943654,0.03759506685291148,0.4723010684485895,4.398788076941313,43.66832942469482,0.4270951022146618,0.4382493306966038,0.5291720222137734,42.52186349527224,16.28658168405005,0.8393340926841657,0.004250388853166531,0.2282129986134381,23.78206061471139,51.14338219485749,-6.36261637745184,0.6745274453762982,58.17646537221805,14.00310234300929,-4.327621597056119,0.6845437439198649,-5.47381379054293,44.58471379722401,-7.01459463192791,0.9286548361177613,18.00436942585139,6.320055167896424
param.mat.step: 1,3,198.668,13614.32617293488,8.690182334742948,38.4045759607989,0.03379939871481633,0.5321116568300434,0.06477641581989169,10.79206345420952,30.82256983117056,0.003183544695153633,0.4985689203754916,0.5893371628732917,-9.021466658157676,2.368547906987802,0.1370945856299553,0.0091551396761681,0.7745873151089284,-8.611127381253436,54.77465938748924,0.08340503395950893,0.03200722954157526,0.05822641977741194,19.07132466933351,29.8644433362676,-5.520231793185753,0.5021089799333689,27.88144706197324,14.51938871123734,-7.179361115654097,0.5771233285740031,20.35120836756731,14.3887679266464,-1.320581627293193,0.3822839771583608,13.33801399997222,8.322461458490613
param.mat.step: 2,0,195.428,5237.037972765392,-7.124879510547057,40.84234895244339,0.07422625196859112,0.8349299593259158,0.8905562414961565,9.791008820717382,55.88557760012088,0.00317302516029383,0.09530375071064626,0.4685818573558103,24.58102246290444,26.47228730817141,0.08151984017891119,0.3260471731192607,0.8471093110358553,2.588863137587867,53.65193611829648,0.005431066671520705,0.4137101003418697,0.7913030725814293,4.397751389690724,56.28479937011556,-6.429174227519068,0.9192444705966079,27.88144706197324,14.51938871123734,-7.270881442352498,0.3382879893881185,1.110870755439135,38.90456933443666,-0.5580923733421557,0.8616834728970106,13.76270233590859,8.53220449170426
param.mat.step: 2,1,195.428,5028.265994211393,-3.87548732242166,58.9711825787765,0.02796629196705351,0.4041621771510992,0.09577533137412284,10.43382598236314,52.80623786714337,0.003163270402533436,0.1752914940018519,0.2884286489607239,36.5038164115076,31.86695225297026,0.06500875191818375,0.120633790646489,0.7830670520315444,-6.869910927793438,50.91991909747236,5.198544518522511e-05,0.6960576535890381,0.4661720561303767,24.34836755182079,20.96982346189818,-0.5574115511254436,0.4825995886911673,27.88144706197324,17.30146309389734,-7.149581382245715,0.2271901981370336,0.4546795474558252,54.76183267960982,-2.548997327393686,0.8576835659669017,13.78434706216814,8.212533980829219
param.mat.step: 2,2,195.428,2544.253957184546,6.099848711458837,45.58154652435188,0.004289690526522685,0.1368290052255778,0.5028469814668295,10.59104712405954,28.74125171507938,0.003154178667514379,0.1914464535829909,0.6984865851026858,-0.06737044484698096,54.39602136857938,0.007394749332083996,0.5536869253421749,0.5976518196957703,-3.484090607776369,59.10968188004962,0.002782774683656904,0.9768519471279491,0.5312389063913427,21.13948144527297,47.67116725740709,-7.679568463485677,0.4220903256824325,27.88144706197324,16.50114678824806,-7.698078626936587,0.3990881853959789,22.06870973255669,8.248223588641471,-6.550199637374149,0.1353369182012733,14.61235271381986,1.44491146815751
param.mat.step: 2,3,195.428,3792.055175312035,14.43427234317466,36.23521163975064,0.0734423145979239,0.439631839324602,0.09670988289025839,9.157981931481425,43.45762217716134,0.00320448553627503,0.3897942392992659,0.5883611984840633,44.68700064589257,36.55096226025354,0.02267530776780238,0.003944742578826497,0.8364950929953143,0.7997895272083202,53.68915280621288,0.005768533033873553,0.735308178231636,0.1978776926841377,-2.168321272040599,36.57204728036143,-4.524700436637328,0.6786158118753353,27.88144706197324,14.51938871123734,-7.444215130299124,0.2709518515056432,30.53211077458002,32.36927675915406,-1.288238378799495,0.4414117343973671,13.22782856495525,7.684478864366952
param.mat.step: 3,0,184.904,3203.527914354291,-6.484754409849304,55.39761834908942,0.00426691862461954,0.3474981770293812,0.6319736246375461,9.545688187809887,50.55742164143453,0.003371075509489773,0.9602975343101423,0.7109994000421592,-0.916641014848014,56.58977894117718,0.01475381410860309,0.6727150766035022,0.9289810313460271,1.768464879974708,37.16251352686157,0.002876324723055996,0.3647491617306812,0.4902992556795647,16.02655075858022,35.44943309069822,-7.207703183324551,0.1203807512417004,26.65126538490739,28.82402223666231,-7.983810345696563,0.4178762849494715,20.07653119753968,7.950457031630463,-6.709674288618445,0.2222760581250289,14.76720729290122,3.284341032163231
param.mat.step: 3,1,184.904,3315.567456219685,42.04923676320495,28.74974920768272,0.004880545524372277,0.02963199799450388,0.1936260944391824,11.16812917621146,26.98658285919766,0.003154178667514379,0.3160337715457109,0.3263062891061858,59.78074630671468,34.4051449181615,0.008537194138911419,0.002050534363249062,0.8151409091982803,1.032725565897969,43.72306929705846,0.002881437938180466,0.0237075524856124,0.06872537000975903,13.95921581179978,40.83896844944825,-1.11216010413889,0.6190724569053953,26.57898334912552,16.17560225070472,-7.871511635087869,0.1529697623567279,22.49395648774006,28.76987839507553,-7.154907762633108,0.264376292716722,15.43362673775491,1.597896961209382
param.mat.step: 3,2,184.904,2801.722439275297,10.84044994843819,53.12845032578871,0.01095906252386312,0.4304705480266959,0.9898269851079742,8.209857851969659,33.55945387933955,0.003154178667514379,0.4676858433181508,0.6117300697498911,9.171374333712354,37.14680853976496,0.002746155732045951,0.5459559171525072,0.7747883789485686,-2.482528772826278,46.46364803595029,0.00279106342284775,0.02219787142230994,0.8906925227995242,25.41610441596315,45.20451717842557,-5.232585439143921,0.4492572830478528,29.29535660942614,34.01868485015919,-7.639964283301655,0.4173165795016772,5.841801912862604,15.53710431140715,-6.322896955594761,0.2037156047482349,12.70789409966343,5.750163548370075
param.mat.step: 3,3,184.904,3391.820754675065,18.40874264964493,39.26820480406211,0.02741885472705834,0.1221569254400775,0.7130982741920926,10.40119632147484,28.01625435245065,0.002365290543165251,0.124275356970942,0.5259043616187207,6.402752612220386,53.88347198744025,0.002692395042362699,0.7443933454530681,0.1090402162772166,3.752990446333396,57.44597981160216,0.003125333714678735,0.4250661761841786,0.3496848164510775,23.65736181174474,56.09950821349705,-5.998995879352423,0.5393953426874658,22.5308490188163,11.72758284442139,-7.808832465227563,0.2943045905316895,16.97671293472039,11.22746771016769,-6.983777205954745,0.4823882880993872,15.5222601573827,3.24007966865524
